# E           ff_avg(e=0)   ff_avg(e=1)   ff_avg(e=2)   ff_avg(e=3)   ff_avg(e=4)   ff_avg(e=5)   ff_avg(e=6)   ff_avg(e=7)   ff_avg(e=8)   ff_avg(e=9) 
8.000000e-01  2.218263e+00  2.203220e+00  2.187405e+00  2.099817e+00  2.081227e+00  2.056501e+00  2.023528e+00  1.996482e+00  1.953500e+00  2.005147e+00
8.121212e-01  2.204794e+00  2.189789e+00  2.174000e+00  2.087014e+00  2.068450e+00  2.043752e+00  2.010806e+00  1.983916e+00  1.940977e+00  1.992648e+00
8.242424e-01  2.191478e+00  2.176511e+00  2.160748e+00  2.074353e+00  2.055816e+00  2.031144e+00  1.998224e+00  1.971488e+00  1.928592e+00  1.980286e+00
8.363636e-01  2.178316e+00  2.163385e+00  2.147646e+00  2.061835e+00  2.043323e+00  2.018676e+00  1.985781e+00  1.959199e+00  1.916344e+00  1.968061e+00
8.484848e-01  2.165305e+00  2.150409e+00  2.134693e+00  2.049457e+00  2.030970e+00  2.006347e+00  1.973477e+00  1.947046e+00  1.904230e+00  1.955972e+00
8.606061e-01  2.152445e+00  2.137583e+00  2.121889e+00  2.037218e+00  2.018755e+00  1.994156e+00  1.961309e+00  1.935028e+00  1.892250e+00  1.944016e+00
8.727273e-01  2.139733e+00  2.124904e+00  2.109232e+00  2.025117e+00  2.006677e+00  1.982101e+00  1.949276e+00  1.923144e+00  1.880403e+00  1.932193e+00
8.848485e-01  2.127169e+00  2.112371e+00  2.096721e+00  2.013153e+00  1.994735e+00  1.970181e+00  1.937378e+00  1.911392e+00  1.868686e+00  1.920502e+00
8.969697e-01  2.114752e+00  2.099985e+00  2.084355e+00  2.001324e+00  1.982928e+00  1.958395e+00  1.925613e+00  1.899771e+00  1.857100e+00  1.908941e+00
9.090909e-01  2.102480e+00  2.087742e+00  2.072131e+00  1.989629e+00  1.971254e+00  1.946741e+00  1.913980e+00  1.888281e+00  1.845643e+00  1.897509e+00
9.212121e-01  2.090352e+00  2.075642e+00  2.060050e+00  1.978068e+00  1.959712e+00  1.935219e+00  1.902477e+00  1.876919e+00  1.834313e+00  1.886204e+00
9.333333e-01  2.078367e+00  2.063684e+00  2.048110e+00  1.966638e+00  1.948301e+00  1.923827e+00  1.891103e+00  1.865685e+00  1.823109e+00  1.875027e+00
9.454545e-01  2.066523e+00  2.051866e+00  2.036309e+00  1.955339e+00  1.937020e+00  1.912564e+00  1.879858e+00  1.854578e+00  1.812030e+00  1.863975e+00
9.575758e-01  2.054821e+00  2.040188e+00  2.024648e+00  1.944169e+00  1.925868e+00  1.901429e+00  1.868740e+00  1.843596e+00  1.801076e+00  1.853047e+00
9.696970e-01  2.043257e+00  2.028648e+00  2.013123e+00  1.933128e+00  1.914843e+00  1.890420e+00  1.857748e+00  1.832738e+00  1.790245e+00  1.842243e+00
9.818182e-01  2.031832e+00  2.017245e+00  2.001735e+00  1.922214e+00  1.903944e+00  1.879537e+00  1.846880e+00  1.822004e+00  1.779535e+00  1.831560e+00
9.939394e-01  2.020545e+00  2.005979e+00  1.990483e+00  1.911426e+00  1.893172e+00  1.868779e+00  1.836137e+00  1.811392e+00  1.768946e+00  1.820999e+00
1.006061e+00  2.009394e+00  1.994847e+00  1.979365e+00  1.900764e+00  1.882523e+00  1.858145e+00  1.825516e+00  1.800900e+00  1.758477e+00  1.810558e+00
1.018182e+00  1.998377e+00  1.983850e+00  1.968380e+00  1.890225e+00  1.871998e+00  1.847632e+00  1.815016e+00  1.790529e+00  1.748127e+00  1.800235e+00
1.030303e+00  1.987496e+00  1.972986e+00  1.957527e+00  1.879810e+00  1.861595e+00  1.837242e+00  1.804638e+00  1.780276e+00  1.737894e+00  1.790031e+00
1.042424e+00  1.976747e+00  1.962253e+00  1.946806e+00  1.869517e+00  1.851313e+00  1.826971e+00  1.794379e+00  1.770142e+00  1.727778e+00  1.779943e+00
1.054545e+00  1.966130e+00  1.951652e+00  1.936214e+00  1.859345e+00  1.841152e+00  1.816821e+00  1.784239e+00  1.760124e+00  1.717777e+00  1.769972e+00
1.066667e+00  1.955645e+00  1.941181e+00  1.925752e+00  1.849293e+00  1.831110e+00  1.806788e+00  1.774216e+00  1.750223e+00  1.707892e+00  1.760115e+00
1.078788e+00  1.945290e+00  1.930838e+00  1.915419e+00  1.839361e+00  1.821187e+00  1.796874e+00  1.764310e+00  1.740437e+00  1.698120e+00  1.750373e+00
1.090909e+00  1.935065e+00  1.920624e+00  1.905213e+00  1.829546e+00  1.811380e+00  1.787076e+00  1.754520e+00  1.730765e+00  1.688461e+00  1.740744e+00
1.103030e+00  1.924967e+00  1.910538e+00  1.895133e+00  1.819849e+00  1.801691e+00  1.777394e+00  1.744845e+00  1.721206e+00  1.678914e+00  1.731227e+00
1.115152e+00  1.914998e+00  1.900578e+00  1.885179e+00  1.810269e+00  1.792117e+00  1.767826e+00  1.735284e+00  1.711759e+00  1.669478e+00  1.721821e+00
1.127273e+00  1.905155e+00  1.890743e+00  1.875350e+00  1.800804e+00  1.782658e+00  1.758373e+00  1.725837e+00  1.702424e+00  1.660152e+00  1.712526e+00
1.139394e+00  1.895438e+00  1.881033e+00  1.865644e+00  1.791455e+00  1.773313e+00  1.749033e+00  1.716501e+00  1.693200e+00  1.650935e+00  1.703340e+00
1.151515e+00  1.885847e+00  1.871447e+00  1.856062e+00  1.782219e+00  1.764081e+00  1.739805e+00  1.707278e+00  1.684085e+00  1.641827e+00  1.694263e+00
1.163636e+00  1.876379e+00  1.861984e+00  1.846602e+00  1.773096e+00  1.754962e+00  1.730689e+00  1.698165e+00  1.675080e+00  1.632827e+00  1.685295e+00
1.175758e+00  1.867035e+00  1.852643e+00  1.837264e+00  1.764086e+00  1.745954e+00  1.721683e+00  1.689161e+00  1.666183e+00  1.623934e+00  1.676433e+00
1.187879e+00  1.857814e+00  1.843424e+00  1.828046e+00  1.755187e+00  1.737057e+00  1.712788e+00  1.680268e+00  1.657393e+00  1.615147e+00  1.667678e+00
1.200000e+00  1.848714e+00  1.834326e+00  1.818949e+00  1.746400e+00  1.728270e+00  1.704002e+00  1.671482e+00  1.648711e+00  1.606465e+00  1.659029e+00
1.212121e+00  1.839736e+00  1.825348e+00  1.809971e+00  1.737722e+00  1.719593e+00  1.695324e+00  1.662804e+00  1.640134e+00  1.597888e+00  1.650485e+00
1.224242e+00  1.830879e+00  1.816489e+00  1.801111e+00  1.729154e+00  1.711024e+00  1.686754e+00  1.654234e+00  1.631662e+00  1.589415e+00  1.642045e+00
1.236364e+00  1.822141e+00  1.807749e+00  1.792369e+00  1.720695e+00  1.702563e+00  1.678292e+00  1.645769e+00  1.623295e+00  1.581046e+00  1.633708e+00
1.248485e+00  1.813523e+00  1.799127e+00  1.783745e+00  1.712344e+00  1.694209e+00  1.669935e+00  1.637411e+00  1.615033e+00  1.572779e+00  1.625475e+00
1.260606e+00  1.805023e+00  1.790622e+00  1.775237e+00  1.704100e+00  1.685962e+00  1.661685e+00  1.629157e+00  1.606873e+00  1.564614e+00  1.617344e+00
1.272727e+00  1.796641e+00  1.782235e+00  1.766845e+00  1.695963e+00  1.677821e+00  1.653540e+00  1.621008e+00  1.598816e+00  1.556550e+00  1.609315e+00
1.284848e+00  1.788376e+00  1.773963e+00  1.758569e+00  1.687933e+00  1.669786e+00  1.645499e+00  1.612962e+00  1.590862e+00  1.548588e+00  1.601386e+00
1.296970e+00  1.780229e+00  1.765807e+00  1.750407e+00  1.680008e+00  1.661855e+00  1.637563e+00  1.605020e+00  1.583009e+00  1.540725e+00  1.593559e+00
1.309091e+00  1.772197e+00  1.757765e+00  1.742359e+00  1.672188e+00  1.654029e+00  1.629730e+00  1.597180e+00  1.575257e+00  1.532962e+00  1.585831e+00
1.321212e+00  1.764281e+00  1.749839e+00  1.734425e+00  1.664473e+00  1.646306e+00  1.622000e+00  1.589443e+00  1.567605e+00  1.525299e+00  1.578202e+00
1.333333e+00  1.756480e+00  1.742026e+00  1.726605e+00  1.656862e+00  1.638686e+00  1.614372e+00  1.581807e+00  1.560053e+00  1.517734e+00  1.570673e+00
1.345455e+00  1.748794e+00  1.734327e+00  1.718897e+00  1.649355e+00  1.631170e+00  1.606846e+00  1.574272e+00  1.552601e+00  1.510266e+00  1.563241e+00
1.357576e+00  1.741222e+00  1.726740e+00  1.711301e+00  1.641950e+00  1.623755e+00  1.599422e+00  1.566838e+00  1.545247e+00  1.502897e+00  1.555908e+00
1.369697e+00  1.733763e+00  1.719266e+00  1.703817e+00  1.634648e+00  1.616442e+00  1.592098e+00  1.559504e+00  1.537992e+00  1.495625e+00  1.548672e+00
1.381818e+00  1.726418e+00  1.711904e+00  1.696444e+00  1.627448e+00  1.609231e+00  1.584875e+00  1.552269e+00  1.530835e+00  1.488449e+00  1.541533e+00
1.393939e+00  1.719185e+00  1.704654e+00  1.689182e+00  1.620350e+00  1.602120e+00  1.577752e+00  1.545134e+00  1.523775e+00  1.481370e+00  1.534490e+00
1.406061e+00  1.712065e+00  1.697515e+00  1.682030e+00  1.613353e+00  1.595110e+00  1.570729e+00  1.538097e+00  1.516813e+00  1.474386e+00  1.527544e+00
1.418182e+00  1.705057e+00  1.690487e+00  1.674988e+00  1.606457e+00  1.588200e+00  1.563805e+00  1.531159e+00  1.509947e+00  1.467498e+00  1.520693e+00
1.430303e+00  1.698160e+00  1.683569e+00  1.668056e+00  1.599662e+00  1.581390e+00  1.556980e+00  1.524320e+00  1.503178e+00  1.460705e+00  1.513938e+00
1.442424e+00  1.691375e+00  1.676761e+00  1.661233e+00  1.592967e+00  1.574679e+00  1.550253e+00  1.517577e+00  1.496505e+00  1.454006e+00  1.507278e+00
1.454545e+00  1.684700e+00  1.670063e+00  1.654520e+00  1.586372e+00  1.568067e+00  1.543625e+00  1.510933e+00  1.489928e+00  1.447402e+00  1.500712e+00
1.466667e+00  1.678137e+00  1.663474e+00  1.647915e+00  1.579876e+00  1.561554e+00  1.537094e+00  1.504385e+00  1.483446e+00  1.440892e+00  1.494241e+00
1.478788e+00  1.671683e+00  1.656995e+00  1.641418e+00  1.573479e+00  1.555139e+00  1.530661e+00  1.497934e+00  1.477059e+00  1.434476e+00  1.487864e+00
1.490909e+00  1.665340e+00  1.650625e+00  1.635029e+00  1.567182e+00  1.548822e+00  1.524326e+00  1.491580e+00  1.470767e+00  1.428154e+00  1.481581e+00
1.503030e+00  1.659106e+00  1.644363e+00  1.628749e+00  1.560983e+00  1.542603e+00  1.518087e+00  1.485322e+00  1.464569e+00  1.421925e+00  1.475391e+00
1.515152e+00  1.652982e+00  1.638209e+00  1.622575e+00  1.554883e+00  1.536482e+00  1.511946e+00  1.479160e+00  1.458466e+00  1.415788e+00  1.469295e+00
1.527273e+00  1.646968e+00  1.632164e+00  1.616510e+00  1.548881e+00  1.530459e+00  1.505901e+00  1.473094e+00  1.452457e+00  1.409745e+00  1.463291e+00
1.539394e+00  1.641062e+00  1.626227e+00  1.610551e+00  1.542977e+00  1.524533e+00  1.499952e+00  1.467123e+00  1.446542e+00  1.403794e+00  1.457381e+00
1.551515e+00  1.635266e+00  1.620397e+00  1.604700e+00  1.537171e+00  1.518703e+00  1.494100e+00  1.461248e+00  1.440721e+00  1.397936e+00  1.451563e+00
1.563636e+00  1.629578e+00  1.614676e+00  1.598956e+00  1.531463e+00  1.512971e+00  1.488344e+00  1.455469e+00  1.434994e+00  1.392170e+00  1.445839e+00
1.575758e+00  1.624000e+00  1.609062e+00  1.593318e+00  1.525852e+00  1.507336e+00  1.482684e+00  1.449784e+00  1.429360e+00  1.386497e+00  1.440206e+00
1.587879e+00  1.618530e+00  1.603555e+00  1.587787e+00  1.520339e+00  1.501797e+00  1.477120e+00  1.444195e+00  1.423819e+00  1.380915e+00  1.434666e+00
1.600000e+00  1.613168e+00  1.598156e+00  1.582362e+00  1.514924e+00  1.496355e+00  1.471652e+00  1.438700e+00  1.418372e+00  1.375425e+00  1.429218e+00
1.612121e+00  1.607915e+00  1.592864e+00  1.577044e+00  1.509606e+00  1.491010e+00  1.466279e+00  1.433301e+00  1.413018e+00  1.370028e+00  1.423863e+00
1.624242e+00  1.602770e+00  1.587679e+00  1.571833e+00  1.504385e+00  1.485761e+00  1.461002e+00  1.427996e+00  1.407757e+00  1.364722e+00  1.418599e+00
1.636364e+00  1.597734e+00  1.582601e+00  1.566728e+00  1.499262e+00  1.480609e+00  1.455821e+00  1.422787e+00  1.402589e+00  1.359508e+00  1.413428e+00
1.648485e+00  1.592806e+00  1.577631e+00  1.561729e+00  1.494236e+00  1.475553e+00  1.450736e+00  1.417672e+00  1.397515e+00  1.354386e+00  1.408349e+00
1.660606e+00  1.587986e+00  1.572768e+00  1.556837e+00  1.489307e+00  1.470593e+00  1.445746e+00  1.412652e+00  1.392534e+00  1.349356e+00  1.403362e+00
1.672727e+00  1.583275e+00  1.568012e+00  1.552051e+00  1.484476e+00  1.465730e+00  1.440851e+00  1.407727e+00  1.387645e+00  1.344417e+00  1.398467e+00
1.684848e+00  1.578672e+00  1.563363e+00  1.547372e+00  1.479741e+00  1.460964e+00  1.436053e+00  1.402897e+00  1.382851e+00  1.339571e+00  1.393665e+00
1.696970e+00  1.574178e+00  1.558822e+00  1.542799e+00  1.475105e+00  1.456294e+00  1.431350e+00  1.398161e+00  1.378149e+00  1.334816e+00  1.388954e+00
1.709091e+00  1.569792e+00  1.554388e+00  1.538333e+00  1.470566e+00  1.451721e+00  1.426744e+00  1.393521e+00  1.373541e+00  1.330154e+00  1.384336e+00
1.721212e+00  1.565516e+00  1.550062e+00  1.533974e+00  1.466124e+00  1.447245e+00  1.422233e+00  1.388976e+00  1.369026e+00  1.325584e+00  1.379811e+00
1.733333e+00  1.561347e+00  1.545843e+00  1.529721e+00  1.461781e+00  1.442865e+00  1.417818e+00  1.384526e+00  1.364605e+00  1.321106e+00  1.375378e+00
1.745455e+00  1.557288e+00  1.541732e+00  1.525576e+00  1.457535e+00  1.438583e+00  1.413500e+00  1.380172e+00  1.360278e+00  1.316720e+00  1.371037e+00
1.757576e+00  1.553338e+00  1.537729e+00  1.521538e+00  1.453387e+00  1.434398e+00  1.409278e+00  1.375914e+00  1.356044e+00  1.312427e+00  1.366790e+00
1.769697e+00  1.549498e+00  1.533834e+00  1.517607e+00  1.449337e+00  1.430310e+00  1.405152e+00  1.371751e+00  1.351905e+00  1.308227e+00  1.362636e+00
1.781818e+00  1.545767e+00  1.530048e+00  1.513784e+00  1.445386e+00  1.426320e+00  1.401124e+00  1.367684e+00  1.347860e+00  1.304120e+00  1.358575e+00
1.793939e+00  1.542145e+00  1.526370e+00  1.510068e+00  1.441534e+00  1.422428e+00  1.397192e+00  1.363713e+00  1.343910e+00  1.300106e+00  1.354607e+00
1.806061e+00  1.538634e+00  1.522801e+00  1.506461e+00  1.437781e+00  1.418634e+00  1.393358e+00  1.359839e+00  1.340054e+00  1.296186e+00  1.350734e+00
1.818182e+00  1.535233e+00  1.519341e+00  1.502962e+00  1.434127e+00  1.414939e+00  1.389621e+00  1.356062e+00  1.336294e+00  1.292359e+00  1.346954e+00
1.830303e+00  1.531943e+00  1.515991e+00  1.499571e+00  1.430572e+00  1.411342e+00  1.385982e+00  1.352382e+00  1.332628e+00  1.288627e+00  1.343269e+00
1.842424e+00  1.528763e+00  1.512750e+00  1.496289e+00  1.427117e+00  1.407844e+00  1.382442e+00  1.348799e+00  1.329059e+00  1.284988e+00  1.339678e+00
1.854545e+00  1.525695e+00  1.509619e+00  1.493117e+00  1.423762e+00  1.404445e+00  1.378999e+00  1.345313e+00  1.325585e+00  1.281445e+00  1.336182e+00
1.866667e+00  1.522738e+00  1.506599e+00  1.490054e+00  1.420508e+00  1.401146e+00  1.375656e+00  1.341926e+00  1.322208e+00  1.277996e+00  1.332782e+00
1.878788e+00  1.519893e+00  1.503689e+00  1.487101e+00  1.417354e+00  1.397947e+00  1.372412e+00  1.338637e+00  1.318927e+00  1.274643e+00  1.329477e+00
1.890909e+00  1.517160e+00  1.500890e+00  1.484259e+00  1.414302e+00  1.394848e+00  1.369267e+00  1.335446e+00  1.315744e+00  1.271385e+00  1.326268e+00
1.903030e+00  1.514540e+00  1.498203e+00  1.481527e+00  1.411351e+00  1.391850e+00  1.366222e+00  1.332355e+00  1.312658e+00  1.268224e+00  1.323155e+00
1.915152e+00  1.512033e+00  1.495628e+00  1.478906e+00  1.408502e+00  1.388953e+00  1.363278e+00  1.329364e+00  1.309669e+00  1.265159e+00  1.320140e+00
1.927273e+00  1.509639e+00  1.493165e+00  1.476397e+00  1.405756e+00  1.386158e+00  1.360434e+00  1.326472e+00  1.306780e+00  1.262191e+00  1.317221e+00
1.939394e+00  1.507360e+00  1.490815e+00  1.474000e+00  1.403113e+00  1.383465e+00  1.357692e+00  1.323681e+00  1.303988e+00  1.259321e+00  1.314401e+00
1.951515e+00  1.505195e+00  1.488578e+00  1.471715e+00  1.400573e+00  1.380875e+00  1.355051e+00  1.320991e+00  1.301297e+00  1.256548e+00  1.311679e+00
1.963636e+00  1.503145e+00  1.486456e+00  1.469544e+00  1.398137e+00  1.378387e+00  1.352513e+00  1.318402e+00  1.298705e+00  1.253874e+00  1.309055e+00
1.975758e+00  1.501211e+00  1.484447e+00  1.467486e+00  1.395805e+00  1.376003e+00  1.350078e+00  1.315916e+00  1.296213e+00  1.251299e+00  1.306531e+00
1.987879e+00  1.499392e+00  1.482553e+00  1.465542e+00  1.393579e+00  1.373724e+00  1.347746e+00  1.313531e+00  1.293822e+00  1.248824e+00  1.304106e+00
2.000000e+00  1.497691e+00  1.480775e+00  1.463713e+00  1.391457e+00  1.371549e+00  1.345517e+00  1.311250e+00  1.291532e+00  1.246448e+00  1.301782e+00
