# E           ff_avg(e=0)   ff_avg(e=1)   ff_avg(e=2)   ff_avg(e=3)   ff_avg(e=4)   ff_avg(e=5)   ff_avg(e=6)   ff_avg(e=7)   ff_avg(e=8)   ff_avg(e=9) 
8.000000e-01  1.325175e+00  1.318330e+00  1.310734e+00  1.262467e+00  1.254958e+00  1.244179e+00  1.228960e+00  1.247023e+00  1.227994e+00  1.237877e+00
8.121212e-01  1.306031e+00  1.299255e+00  1.291741e+00  1.244021e+00  1.236593e+00  1.225935e+00  1.210890e+00  1.228736e+00  1.209922e+00  1.219696e+00
8.242424e-01  1.287356e+00  1.280646e+00  1.273212e+00  1.226026e+00  1.218676e+00  1.208135e+00  1.193262e+00  1.210895e+00  1.192290e+00  1.201958e+00
8.363636e-01  1.269133e+00  1.262487e+00  1.255132e+00  1.208463e+00  1.201190e+00  1.190765e+00  1.176058e+00  1.193483e+00  1.175082e+00  1.184647e+00
8.484848e-01  1.251346e+00  1.244762e+00  1.237483e+00  1.191319e+00  1.184121e+00  1.173807e+00  1.159263e+00  1.176485e+00  1.158284e+00  1.167747e+00
8.606061e-01  1.233977e+00  1.227455e+00  1.220250e+00  1.174578e+00  1.167453e+00  1.157248e+00  1.142862e+00  1.159886e+00  1.141879e+00  1.151243e+00
8.727273e-01  1.217014e+00  1.210551e+00  1.203419e+00  1.158226e+00  1.151171e+00  1.141073e+00  1.126842e+00  1.143671e+00  1.125854e+00  1.135121e+00
8.848485e-01  1.200442e+00  1.194037e+00  1.186975e+00  1.142248e+00  1.135263e+00  1.125269e+00  1.111189e+00  1.127827e+00  1.110195e+00  1.119368e+00
8.969697e-01  1.184246e+00  1.177897e+00  1.170905e+00  1.126632e+00  1.119714e+00  1.109822e+00  1.095890e+00  1.112342e+00  1.094891e+00  1.103972e+00
9.090909e-01  1.168414e+00  1.162120e+00  1.155196e+00  1.111365e+00  1.104513e+00  1.094721e+00  1.080933e+00  1.097202e+00  1.079928e+00  1.088918e+00
9.212121e-01  1.152933e+00  1.146694e+00  1.139835e+00  1.096435e+00  1.089648e+00  1.079952e+00  1.066305e+00  1.082396e+00  1.065294e+00  1.074197e+00
9.333333e-01  1.137792e+00  1.131605e+00  1.124810e+00  1.081831e+00  1.075107e+00  1.065506e+00  1.051997e+00  1.067912e+00  1.050979e+00  1.059795e+00
9.454545e-01  1.122979e+00  1.116843e+00  1.110111e+00  1.067542e+00  1.060880e+00  1.051371e+00  1.037997e+00  1.053740e+00  1.036972e+00  1.045704e+00
9.575758e-01  1.108482e+00  1.102396e+00  1.095726e+00  1.053557e+00  1.046955e+00  1.037537e+00  1.024294e+00  1.039869e+00  1.023262e+00  1.031911e+00
9.696970e-01  1.094293e+00  1.088255e+00  1.081645e+00  1.039867e+00  1.033323e+00  1.023993e+00  1.010880e+00  1.026289e+00  1.009840e+00  1.018408e+00
9.818182e-01  1.080400e+00  1.074410e+00  1.067858e+00  1.026460e+00  1.019974e+00  1.010731e+00  9.977431e-01  1.012990e+00  9.966957e-01  1.005185e+00
9.939394e-01  1.066793e+00  1.060850e+00  1.054355e+00  1.013329e+00  1.006898e+00  9.977400e-01  9.848759e-01  9.999642e-01  9.838204e-01  9.922320e-01
1.006061e+00  1.053464e+00  1.047566e+00  1.041128e+00  1.000464e+00  9.940882e-01  9.850125e-01  9.722692e-01  9.872015e-01  9.712053e-01  9.795410e-01
1.018182e+00  1.040404e+00  1.034550e+00  1.028166e+00  9.878562e-01  9.815343e-01  9.725396e-01  9.599145e-01  9.746937e-01  9.588419e-01  9.671033e-01
1.030303e+00  1.027603e+00  1.021793e+00  1.015463e+00  9.754981e-01  9.692285e-01  9.603132e-01  9.478039e-01  9.624327e-01  9.467223e-01  9.549108e-01
1.042424e+00  1.015055e+00  1.009286e+00  1.003009e+00  9.633813e-01  9.571631e-01  9.483254e-01  9.359294e-01  9.504106e-01  9.348386e-01  9.429558e-01
1.054545e+00  1.002750e+00  9.970225e-01  9.907963e-01  9.514984e-01  9.453304e-01  9.365687e-01  9.242838e-01  9.386199e-01  9.231835e-01  9.312307e-01
1.066667e+00  9.906814e-01  9.849941e-01  9.788182e-01  9.398419e-01  9.337230e-01  9.250358e-01  9.128596e-01  9.270533e-01  9.117496e-01  9.197282e-01
1.078788e+00  9.788416e-01  9.731937e-01  9.670670e-01  9.284049e-01  9.223340e-01  9.137197e-01  9.016502e-01  9.157038e-01  9.005302e-01  9.084415e-01
1.090909e+00  9.672236e-01  9.616142e-01  9.555357e-01  9.171804e-01  9.111566e-01  9.026137e-01  8.906486e-01  9.045647e-01  8.895185e-01  8.973639e-01
1.103030e+00  9.558206e-01  9.502488e-01  9.442174e-01  9.061620e-01  9.001843e-01  8.917114e-01  8.798487e-01  8.936295e-01  8.787081e-01  8.864888e-01
1.115152e+00  9.446260e-01  9.390909e-01  9.331057e-01  8.953434e-01  8.894108e-01  8.810064e-01  8.692441e-01  8.828919e-01  8.680929e-01  8.758101e-01
1.127273e+00  9.336334e-01  9.281343e-01  9.221944e-01  8.847183e-01  8.788299e-01  8.704927e-01  8.588289e-01  8.723460e-01  8.576669e-01  8.653218e-01
1.139394e+00  9.228368e-01  9.173729e-01  9.114773e-01  8.742811e-01  8.684360e-01  8.601646e-01  8.485973e-01  8.619858e-01  8.474243e-01  8.550180e-01
1.151515e+00  9.122303e-01  9.068007e-01  9.009485e-01  8.640259e-01  8.582232e-01  8.500165e-01  8.385438e-01  8.518057e-01  8.373595e-01  8.448932e-01
1.163636e+00  9.018081e-01  8.964122e-01  8.906026e-01  8.539474e-01  8.481862e-01  8.400428e-01  8.286630e-01  8.418004e-01  8.274673e-01  8.349421e-01
1.175758e+00  8.915649e-01  8.862018e-01  8.804339e-01  8.440402e-01  8.383197e-01  8.302384e-01  8.189498e-01  8.319646e-01  8.177424e-01  8.251593e-01
1.187879e+00  8.814952e-01  8.761643e-01  8.704373e-01  8.342992e-01  8.286186e-01  8.205982e-01  8.093990e-01  8.222932e-01  8.081798e-01  8.155399e-01
1.200000e+00  8.715939e-01  8.662945e-01  8.606076e-01  8.247195e-01  8.190780e-01  8.111174e-01  8.000060e-01  8.127814e-01  7.987747e-01  8.060790e-01
1.212121e+00  8.618561e-01  8.565876e-01  8.509399e-01  8.152963e-01  8.096931e-01  8.017911e-01  7.907659e-01  8.034244e-01  7.895225e-01  7.967719e-01
1.224242e+00  8.522770e-01  8.470387e-01  8.414295e-01  8.060250e-01  8.004594e-01  7.926149e-01  7.816743e-01  7.942177e-01  7.804185e-01  7.876140e-01
1.236364e+00  8.428520e-01  8.376431e-01  8.320718e-01  7.969011e-01  7.913724e-01  7.835844e-01  7.727268e-01  7.851567e-01  7.714585e-01  7.786011e-01
1.248485e+00  8.335765e-01  8.283965e-01  8.228623e-01  7.879203e-01  7.824278e-01  7.746952e-01  7.639191e-01  7.762374e-01  7.626381e-01  7.697287e-01
1.260606e+00  8.244462e-01  8.192946e-01  8.137967e-01  7.790785e-01  7.736214e-01  7.659432e-01  7.552473e-01  7.674554e-01  7.539534e-01  7.609927e-01
1.272727e+00  8.154569e-01  8.103330e-01  8.048708e-01  7.703715e-01  7.649492e-01  7.573244e-01  7.467071e-01  7.588067e-01  7.454002e-01  7.523893e-01
1.284848e+00  8.066045e-01  8.015077e-01  7.960805e-01  7.617955e-01  7.564073e-01  7.488349e-01  7.382950e-01  7.502876e-01  7.369749e-01  7.439145e-01
1.296970e+00  7.978852e-01  7.928149e-01  7.874221e-01  7.533466e-01  7.479919e-01  7.404710e-01  7.300070e-01  7.418942e-01  7.286736e-01  7.355645e-01
1.309091e+00  7.892949e-01  7.842507e-01  7.788915e-01  7.450212e-01  7.396993e-01  7.322290e-01  7.218396e-01  7.336229e-01  7.204927e-01  7.273358e-01
1.321212e+00  7.808301e-01  7.758113e-01  7.704853e-01  7.368156e-01  7.315259e-01  7.241053e-01  7.137893e-01  7.254701e-01  7.124287e-01  7.192247e-01
1.333333e+00  7.724871e-01  7.674932e-01  7.621997e-01  7.287264e-01  7.234684e-01  7.160966e-01  7.058526e-01  7.174323e-01  7.044783e-01  7.112280e-01
1.345455e+00  7.642624e-01  7.592930e-01  7.540314e-01  7.207503e-01  7.155233e-01  7.081994e-01  6.980263e-01  7.095063e-01  6.966381e-01  7.033422e-01
1.357576e+00  7.561526e-01  7.512072e-01  7.459769e-01  7.128839e-01  7.076874e-01  7.004106e-01  6.903072e-01  7.016888e-01  6.889049e-01  6.955642e-01
1.369697e+00  7.481545e-01  7.432325e-01  7.380329e-01  7.051241e-01  6.999575e-01  6.927270e-01  6.826921e-01  6.939767e-01  6.812757e-01  6.878908e-01
1.381818e+00  7.402648e-01  7.353658e-01  7.301964e-01  6.974679e-01  6.923306e-01  6.851456e-01  6.751781e-01  6.863669e-01  6.737473e-01  6.803190e-01
1.393939e+00  7.324805e-01  7.276039e-01  7.224643e-01  6.899121e-01  6.848037e-01  6.776634e-01  6.677621e-01  6.788564e-01  6.663169e-01  6.728458e-01
1.406061e+00  7.247984e-01  7.199440e-01  7.148334e-01  6.824539e-01  6.773739e-01  6.702776e-01  6.604414e-01  6.714424e-01  6.589816e-01  6.654684e-01
1.418182e+00  7.172158e-01  7.123829e-01  7.073010e-01  6.750905e-01  6.700383e-01  6.629852e-01  6.532131e-01  6.641220e-01  6.517387e-01  6.581840e-01
1.430303e+00  7.097296e-01  7.049180e-01  6.998641e-01  6.678192e-01  6.627943e-01  6.557836e-01  6.460746e-01  6.568926e-01  6.445854e-01  6.509898e-01
1.442424e+00  7.023372e-01  6.975463e-01  6.925201e-01  6.606371e-01  6.556391e-01  6.486702e-01  6.390233e-01  6.497514e-01  6.375191e-01  6.438833e-01
1.454545e+00  6.950359e-01  6.902653e-01  6.852662e-01  6.535419e-01  6.485702e-01  6.416424e-01  6.320565e-01  6.426959e-01  6.305372e-01  6.368618e-01
1.466667e+00  6.878230e-01  6.830723e-01  6.780999e-01  6.465308e-01  6.415850e-01  6.346977e-01  6.251718e-01  6.357236e-01  6.236374e-01  6.299229e-01
1.478788e+00  6.806959e-01  6.759648e-01  6.710186e-01  6.396015e-01  6.346812e-01  6.278335e-01  6.183668e-01  6.288321e-01  6.168171e-01  6.230642e-01
1.490909e+00  6.736522e-01  6.689402e-01  6.640198e-01  6.327515e-01  6.278562e-01  6.210477e-01  6.116391e-01  6.220189e-01  6.100740e-01  6.162832e-01
1.503030e+00  6.666895e-01  6.619962e-01  6.571011e-01  6.259786e-01  6.211078e-01  6.143377e-01  6.049864e-01  6.152818e-01  6.034058e-01  6.095776e-01
1.515152e+00  6.598053e-01  6.551305e-01  6.502603e-01  6.192803e-01  6.144337e-01  6.077015e-01  5.984066e-01  6.086184e-01  5.968104e-01  6.029453e-01
1.527273e+00  6.529974e-01  6.483406e-01  6.434949e-01  6.126546e-01  6.078317e-01  6.011367e-01  5.918973e-01  6.020267e-01  5.902854e-01  5.963841e-01
1.539394e+00  6.462636e-01  6.416245e-01  6.368028e-01  6.060992e-01  6.012997e-01  5.946413e-01  5.854565e-01  5.955043e-01  5.838288e-01  5.898917e-01
1.551515e+00  6.396016e-01  6.349798e-01  6.301817e-01  5.996120e-01  5.948354e-01  5.882131e-01  5.790822e-01  5.890494e-01  5.774385e-01  5.834661e-01
1.563636e+00  6.330094e-01  6.284045e-01  6.236297e-01  5.931911e-01  5.884370e-01  5.818501e-01  5.727722e-01  5.826597e-01  5.711125e-01  5.771053e-01
1.575758e+00  6.264847e-01  6.218965e-01  6.171446e-01  5.868342e-01  5.821023e-01  5.755504e-01  5.665247e-01  5.763333e-01  5.648489e-01  5.708074e-01
1.587879e+00  6.200257e-01  6.154538e-01  6.107244e-01  5.805396e-01  5.758295e-01  5.693119e-01  5.603377e-01  5.700683e-01  5.586456e-01  5.645703e-01
1.600000e+00  6.136303e-01  6.090745e-01  6.043671e-01  5.743053e-01  5.696166e-01  5.631328e-01  5.542093e-01  5.638629e-01  5.525009e-01  5.583922e-01
1.612121e+00  6.072967e-01  6.027564e-01  5.980709e-01  5.681294e-01  5.634618e-01  5.570113e-01  5.481376e-01  5.577150e-01  5.464129e-01  5.522712e-01
1.624242e+00  6.010228e-01  5.964979e-01  5.918338e-01  5.620102e-01  5.573632e-01  5.509455e-01  5.421210e-01  5.516229e-01  5.403798e-01  5.462056e-01
1.636364e+00  5.948069e-01  5.902971e-01  5.856540e-01  5.559457e-01  5.513192e-01  5.449337e-01  5.361577e-01  5.455850e-01  5.343998e-01  5.401936e-01
1.648485e+00  5.886471e-01  5.841521e-01  5.795297e-01  5.499344e-01  5.453278e-01  5.389742e-01  5.302459e-01  5.395993e-01  5.284714e-01  5.342335e-01
1.660606e+00  5.825418e-01  5.780613e-01  5.734592e-01  5.439744e-01  5.393876e-01  5.330652e-01  5.243839e-01  5.336643e-01  5.225927e-01  5.283236e-01
1.672727e+00  5.764891e-01  5.720228e-01  5.674408e-01  5.380642e-01  5.334967e-01  5.272052e-01  5.185703e-01  5.277783e-01  5.167621e-01  5.224622e-01
1.684848e+00  5.704875e-01  5.660351e-01  5.614728e-01  5.322020e-01  5.276536e-01  5.213925e-01  5.128032e-01  5.219397e-01  5.109781e-01  5.166479e-01
1.696970e+00  5.645352e-01  5.600965e-01  5.555535e-01  5.263864e-01  5.218567e-01  5.156255e-01  5.070813e-01  5.161469e-01  5.052392e-01  5.108789e-01
1.709091e+00  5.586307e-01  5.542053e-01  5.496815e-01  5.206157e-01  5.161045e-01  5.099027e-01  5.014029e-01  5.103984e-01  4.995437e-01  5.051537e-01
1.721212e+00  5.527723e-01  5.483601e-01  5.438550e-01  5.148885e-01  5.103954e-01  5.042227e-01  4.957666e-01  5.046926e-01  4.938902e-01  4.994710e-01
1.733333e+00  5.469586e-01  5.425593e-01  5.380727e-01  5.092033e-01  5.047280e-01  4.985838e-01  4.901710e-01  4.990282e-01  4.882772e-01  4.938291e-01
1.745455e+00  5.411881e-01  5.368013e-01  5.323329e-01  5.035585e-01  4.991008e-01  4.929848e-01  4.846145e-01  4.934036e-01  4.827034e-01  4.882268e-01
1.757576e+00  5.354592e-01  5.310848e-01  5.266342e-01  4.979528e-01  4.935124e-01  4.874241e-01  4.790957e-01  4.878175e-01  4.771672e-01  4.826624e-01
1.769697e+00  5.297705e-01  5.254082e-01  5.209753e-01  4.923848e-01  4.879614e-01  4.819005e-01  4.736134e-01  4.822684e-01  4.716674e-01  4.771348e-01
1.781818e+00  5.241206e-01  5.197702e-01  5.153547e-01  4.868531e-01  4.824464e-01  4.764124e-01  4.681662e-01  4.767550e-01  4.662026e-01  4.716425e-01
1.793939e+00  5.185082e-01  5.141695e-01  5.097709e-01  4.813564e-01  4.769662e-01  4.709587e-01  4.627527e-01  4.712759e-01  4.607714e-01  4.661842e-01
1.806061e+00  5.129319e-01  5.086045e-01  5.042228e-01  4.758934e-01  4.715193e-01  4.655380e-01  4.573717e-01  4.658300e-01  4.553726e-01  4.607586e-01
1.818182e+00  5.073903e-01  5.030741e-01  4.987089e-01  4.704627e-01  4.661046e-01  4.601491e-01  4.520219e-01  4.604158e-01  4.500050e-01  4.553644e-01
1.830303e+00  5.018821e-01  4.975769e-01  4.932280e-01  4.650632e-01  4.607208e-01  4.547907e-01  4.467021e-01  4.550322e-01  4.446673e-01  4.500005e-01
1.842424e+00  4.964061e-01  4.921116e-01  4.877788e-01  4.596936e-01  4.553665e-01  4.494615e-01  4.414110e-01  4.496779e-01  4.393582e-01  4.446656e-01
1.854545e+00  4.909610e-01  4.866771e-01  4.823600e-01  4.543526e-01  4.500407e-01  4.441604e-01  4.361475e-01  4.443518e-01  4.340766e-01  4.393584e-01
1.866667e+00  4.855456e-01  4.812720e-01  4.769705e-01  4.490391e-01  4.447422e-01  4.388862e-01  4.309103e-01  4.390526e-01  4.288213e-01  4.340779e-01
1.878788e+00  4.801587e-01  4.758952e-01  4.716090e-01  4.437519e-01  4.394697e-01  4.336377e-01  4.256984e-01  4.337791e-01  4.235912e-01  4.288228e-01
1.890909e+00  4.747991e-01  4.705455e-01  4.662743e-01  4.384899e-01  4.342222e-01  4.284138e-01  4.205106e-01  4.285304e-01  4.183852e-01  4.235921e-01
1.903030e+00  4.694657e-01  4.652218e-01  4.609654e-01  4.332520e-01  4.289985e-01  4.232135e-01  4.153459e-01  4.233051e-01  4.132021e-01  4.183845e-01
1.915152e+00  4.641572e-01  4.599229e-01  4.556811e-01  4.280370e-01  4.237976e-01  4.180355e-01  4.102030e-01  4.181023e-01  4.080409e-01  4.131992e-01
1.927273e+00  4.588727e-01  4.546476e-01  4.504202e-01  4.228439e-01  4.186183e-01  4.128789e-01  4.050811e-01  4.129209e-01  4.029004e-01  4.080349e-01
1.939394e+00  4.536109e-01  4.493950e-01  4.451817e-01  4.176716e-01  4.134596e-01  4.077425e-01  3.999789e-01  4.077598e-01  3.977797e-01  4.028906e-01
1.951515e+00  4.483709e-01  4.441639e-01  4.399646e-01  4.125191e-01  4.083204e-01  4.026254e-01  3.948956e-01  4.026179e-01  3.926778e-01  3.977653e-01
1.963636e+00  4.431515e-01  4.389533e-01  4.347677e-01  4.073853e-01  4.031998e-01  3.975265e-01  3.898300e-01  3.974944e-01  3.875935e-01  3.926580e-01
1.975758e+00  4.379517e-01  4.337621e-01  4.295900e-01  4.022692e-01  3.980967e-01  3.924448e-01  3.847813e-01  3.923881e-01  3.825260e-01  3.875677e-01
1.987879e+00  4.327706e-01  4.285894e-01  4.244306e-01  3.971699e-01  3.930101e-01  3.873794e-01  3.797483e-01  3.872980e-01  3.774743e-01  3.824933e-01
2.000000e+00  4.276070e-01  4.234340e-01  4.192884e-01  3.920863e-01  3.879391e-01  3.823292e-01  3.747302e-01  3.822233e-01  3.724373e-01  3.774341e-01
